0 1
1 1
2 1
3 1
4 3
5 3
6 3
7 1
8 3
9 1
10 1
11 1
12 1
13 1
14 1
15 1
16 2
17 0
18 0
19 0
20 0
21 1
22 1
23 1
24 0
25 1
26 4
27 0
28 3
29 1
30 1
31 0
32 1
33 0
34 1
35 2
36 1
37 3
38 1
39 3
40 4
41 1
42 1
43 1
44 1
45 1
46 2
47 0
48 0
49 0
50 1
51 1
52 1
53 1
54 0
55 1
56 1
57 1
58 0
59 1
60 1
61 1
62 1
63 0
64 0
65 0
66 2
67 1
68 0
69 0
70 0
71 3
72 3
73 1
74 4
75 1
76 1
77 1
78 1
79 4
80 1
81 1
82 0
83 1
84 0
85 0
86 0
87 0
88 1
89 1
90 0
91 0
92 3
93 4
94 3
95 1
96 1
97 1
98 0
99 1
100 1
101 1
102 1
103 0
104 0
105 1
106 0
107 0
108 1
109 1
110 1
111 1
112 1
113 1
114 1
115 0
116 0
117 0
118 1
119 0
120 1
121 2
122 0
123 0
124 0
125 0
126 1
127 3
128 1
129 0
130 1
131 1
132 0
133 1
134 1
135 1
136 1
137 0
138 1
139 1
140 1
141 0
142 1
143 1
144 1
145 1
146 1
147 3
148 2
149 1
150 0
151 0
152 0
153 1
154 0
155 1
156 1
157 3
158 4
159 1
160 0
161 1
162 0
163 1
164 0
165 0
166 1
167 1
168 0
169 3
170 1
171 0
172 1
173 1
174 1
175 1
176 1
177 4
178 1
179 1
180 3
181 1
182 3
183 0
184 1
185 0
186 1
187 3
188 1
189 1
190 0
191 1
192 1
193 0
194 1
195 4
196 1
197 1
198 1
199 1
200 1
201 1
202 1
203 4
204 0
205 1
206 1
207 1
208 1
209 3
210 1
211 0
212 1
213 1
214 1
215 0
216 0
217 1
218 0
219 3
220 2
221 1
222 1
223 1
224 1
225 4
226 1
227 0
228 3
229 1
230 4
231 0
232 1
233 0
234 1
235 0
236 1
237 1
238 0
239 0
240 1
241 1
